0.0 0.0 1.0
0.009007241742955545 0.09946793250180641 0.995
-0.12380848872847565 0.06761255888347183 0.99
-0.13616760596613686 -0.10598765534462437 0.985
0.049592500671142695 -0.19271892454344694 0.98
0.21944843100759995 -0.03489106086525166 0.975
0.13061675120181637 0.2050347880372568 0.97
-0.14678485294391974 0.21732281736217185 0.965
-0.27524789194552746 -0.05136728510971976 0.96
-0.06618655360073623 -0.28912685818245404 0.955
0.25146096678476615 -0.18511451100243545 0.95
0.2827470268044169 0.16440534916255742 0.945
-0.03987143174434361 0.3388366404783524 0.94
-0.3395938286508146 0.10223028681501985 0.9349999999999999
-0.23733568943011163 -0.280663090773856 0.9299999999999999
0.16844968982108385 -0.34058728983798087 0.9249999999999999
0.391433130742858 0.01949626007327609 0.9199999999999999
0.14204123529996565 0.3776232083366433 0.9149999999999999
-0.29784925753565045 0.2884195204653491 0.9099999999999999
-0.39315244358876056 -0.16249971107724018 0.9049999999999999
-0.0076714330379244865 -0.43582238253116923 0.8999999999999999
0.4059887977886262 -0.18479203465016056 0.8949999999999999
0.33851617069870615 0.3054616214444699 0.8899999999999999
-0.14847920736540918 0.4412810045539463 0.8849999999999999
-0.473260203357167 0.04030855887194455 0.8799999999999999
-0.22976398326530978 -0.42612616910260115 0.8749999999999999
0.3049197400574713 -0.3874583230791208 0.8699999999999999
0.48526568087957045 0.12764097680794767 0.8649999999999999
0.07743466174577411 0.5043846480220405 0.8599999999999999
-0.43889307355277013 0.2763111832470826 0.8549999999999999
-0.43495649491952143 -0.2971747760617051 0.8499999999999999
0.1009115782652449 -0.5251588839313466 0.8449999999999999
0.5295441450478904 -0.11824972915613408 0.8399999999999999
0.323839333011098 0.4448629973316813 0.8349999999999999
-0.2829368980825397 0.48067318596259434 0.8299999999999998
-0.560899575538073 -0.06904104693014053 0.8249999999999998
-0.16205924683415218 -0.548941527410295 0.8199999999999998
0.44445997936117576 -0.3717933925532613 0.8149999999999998
0.5242562299220144 0.26278395192240406 0.8099999999999998
-0.03267714185272858 0.592374209769751 0.8049999999999998
-0.5627059308069869 0.20823552875204251 0.7999999999999998
-0.41965042190658136 -0.43802799384700114 0.7949999999999998
0.23721887085556945 -0.5653558236279246 0.7899999999999998
0.6194492097221358 -0.007594509505015648 0.7849999999999998
0.25619636063133416 0.5709320667113205 0.7799999999999998
-0.4258695808343416 0.4669155171120173 0.7749999999999998
-0.6036341843283062 -0.20670213233128693 0.7699999999999998
-0.051227463628917655 -0.6419896782426866 0.7649999999999998
0.5737031135947418 -0.30539275933083143 0.7599999999999998
0.5131196599973421 0.4082685568644888 0.7549999999999998
-0.17167093063239025 0.6387715488152313 0.7499999999999998
-0.659870842443975 0.097700927796409 0.7449999999999998
-0.35530189524546324 -0.5711046867562743 0.7399999999999998
0.385503838125695 -0.5578187795246394 0.7349999999999998
0.6704702040231151 0.13255076581145359 0.7299999999999998
0.14651172075093175 0.6729853755339721 0.7249999999999998
-0.5632336158494762 0.4054231048881218 0.7199999999999998
-0.600593590265973 -0.35785798765911153 0.7149999999999997
0.08976245178265412 -0.6984573732519165 0.7099999999999997
0.6812482268340666 -0.19716960575971257 0.7049999999999997
0.455275831124669 0.5502035237925529 0.6999999999999997
-0.3256224644054107 0.6410499283788647 0.6949999999999997
-0.7224873820347317 -0.04372622554714722 0.6899999999999997
-0.24919477880964924 -0.6845998555462969 0.6849999999999997
0.5321483335089892 -0.5043988016873218 0.6799999999999997
0.6788193984415741 0.28910071653217967 0.6749999999999997
0.005136050570368902 0.7423433309355847 0.6699999999999997
-0.6830083839076071 0.30211677793846403 0.6649999999999997
-0.5523500172344448 -0.5092243694690082 0.6599999999999997
0.2486098098269906 -0.7135602024060675 0.6549999999999997
0.7578384009907907 -0.056399982125189645 0.6499999999999997
0.35547435150926043 0.6764709789924997 0.6449999999999997
-0.4816114654856171 0.5987072709703772 0.6399999999999997
-0.7449580592031525 -0.20448102608377344 0.6349999999999997
-0.10963863888259594 -0.7688168630200383 0.6299999999999997
0.665014655576299 -0.4088159828929598 0.6249999999999997
0.6430690127454869 0.44951334223418254 0.6199999999999997
-0.1570597156335542 0.7727271483034017 0.6149999999999997
-0.7751548319606736 0.16442319327886887 0.6099999999999997
-0.46170086637797864 -0.6486966239975542 0.6049999999999996
0.4131574292603638 -0.6850554274268381 0.5999999999999996
0.7966110275014037 0.10670459626069707 0.5949999999999996
0.22032402133718754 0.7767607904765861 0.5899999999999996
-0.6276042656813727 0.5137001904793742 0.5849999999999996
-0.7243096341020313 -0.37279425149401374 0.5799999999999996
0.05378663305266595 -0.8163834871583687 0.5749999999999996
0.7735758965393492 -0.2769121382195851 0.5699999999999996
0.5643986246471989 0.6018547935310898 0.5649999999999996
-0.32869646564556704 0.760498937193283 0.5599999999999996
-0.8318493118331259 0.0013124034269990411 0.5549999999999996
-0.3337608745497387 -0.7655740843444181 0.5499999999999996
0.5715946384230106 -0.6133959319445051 0.5449999999999996
0.7933160773837803 0.2811576094727161 0.5399999999999996
0.05820162773996715 0.8428449267382575 0.5349999999999996
-0.7527619650710876 0.3904477224191674 0.5299999999999996
-0.6603086484578032 -0.5369985928955769 0.5249999999999996
0.23049061217153435 -0.8224804421387731 0.5199999999999996
0.8492389114733607 -0.11648292252318208 0.5149999999999996
0.44655629562599947 0.7351785326278137 0.5099999999999996
-0.4982687366440189 0.7047717829788404 0.5049999999999996
-0.8477392042347865 -0.17702610429925683 0.49999999999999956
-0.17575296866862403 -0.850932367467689 0.49499999999999955
0.7128946790610748 -0.5016783596752081 0.48999999999999955
0.746440499701171 0.4556331642954303 0.48499999999999954
-0.12111055896573537 0.8688683631638384 0.47999999999999954
-0.8478591288138174 0.23560538552222202 0.47499999999999953
-0.5554158949585364 -0.6860125243954431 0.46999999999999953
0.40934453332488213 -0.7849917534834585 0.4649999999999995
0.8856736692483131 0.06310429145652427 0.4599999999999995
0.29563294953352276 0.8399858088980493 0.4549999999999995
-0.6546645660991964 0.6073831623400102 0.4499999999999995
-0.820125852407877 -0.35967844835665846 0.4449999999999995
0.0033793412753737903 -0.8979914142421102 0.4399999999999995
0.8273116775725589 -0.3554298639001495 0.4349999999999995
0.657208744760987 0.6190126539980327 0.4299999999999995
-0.30693169713537244 0.8515679264119805 0.4249999999999995
-0.9056890754098846 0.05768274164070697 0.4199999999999995
-0.41459405482192946 -0.8098683656658725 0.4149999999999995
0.5792467972017386 -0.704537541889379 0.4099999999999995
0.8790692840361262 0.25142035292357107 0.40499999999999947
0.11969318638179281 0.9086658027755715 0.39999999999999947
-0.7877193954594359 0.4727294723380605 0.39499999999999946
-0.7490326975696254 -0.5355838104083902 0.38999999999999946
0.19347775783438423 -0.9024086420371759 0.38499999999999945
0.9068527415558199 -0.18225834722364231 0.37999999999999945
0.5294483755904601 0.7609595374161647 0.37499999999999944
-0.48826580776816864 0.7903774420898525 0.36999999999999944
-0.921393214933092 -0.13345240153426036 0.36499999999999944
-0.2449820884010816 -0.9002131838418302 0.35999999999999943
0.7297139949641692 -0.5843735838942694 0.3549999999999994
0.8282768332117407 0.4375585532985622 0.3499999999999994
-0.07170570978092246 0.9358596535724865 0.3449999999999994
-0.8887425454326622 0.3074681901235847 0.3399999999999994
-0.6371406763093939 -0.6941374205386198 0.3349999999999994
0.38374967762504386 -0.8624593816074327 0.3299999999999994
0.9456748236463142 0.00860975734344675 0.3249999999999994
0.3693227590600447 0.8724681654021976 0.3199999999999994
-0.654412767382167 0.6874001235723005 0.3149999999999994
-0.8926785478860949 -0.3271467715628159 0.3099999999999994
-0.05545508005112155 -0.95073641672996 0.3049999999999994
0.851448927533819 -0.4301566270575289 0.2999999999999994
0.7348193373186759 0.610749982810104 0.2949999999999994
-0.26807536774560264 0.9187140998199931 0.28999999999999937
-0.9509733880012003 0.12010252001319072 0.28499999999999936
-0.48958772237054937 -0.8257747042044932 0.27999999999999936
0.5633845497673159 -0.7790846225433277 0.27499999999999936
0.9403733197308916 0.20687682213893052 0.26999999999999935
0.18494279923906848 0.9463462162494326 0.26499999999999935
-0.7955656246590456 0.5472433981884688 0.25999999999999934
-0.8199030202308781 -0.5125758845442152 0.25499999999999934
0.1439061078417895 -0.9574920532964373 0.24999999999999933
0.9368469831924007 -0.24958511590897806 0.24499999999999933
0.602762703777094 0.7609711708963276 0.23999999999999932
-0.4586055994805866 0.8570040280681602 0.23499999999999932
-0.9699355922995391 -0.07952953407723816 0.22999999999999932
-0.3136400739698177 -0.9224992704605286 0.2249999999999993
0.722169105598361 -0.6557985841089197 0.2199999999999993
0.8901411881296247 0.4017756403705685 0.2149999999999993
-0.014122403695617146 0.97759938508259 0.2099999999999993
-0.903357873903658 0.37672211463658883 0.2049999999999993
-0.7060199944534249 -0.6793642376751857 0.1999999999999993
0.3424063090889245 -0.9190935314189195 0.19499999999999929
0.9804095696895752 -0.051933377139391966 0.18999999999999928
0.43845192061016103 0.8795083361249405 0.18499999999999928
-0.632787032073902 0.7531139170398478 0.17999999999999927
-0.943666870158154 -0.28083418268778093 0.17499999999999927
-0.11825172314386302 -0.978323325886441 0.16999999999999926
0.8510662993539829 -0.4984587787409478 0.16499999999999926
0.7967872675931525 0.5826920715107066 0.15999999999999925
-0.2174099408631994 0.9636949297437756 0.15499999999999925
-0.9713290434450783 0.18444481386059458 0.14999999999999925
-0.5563828871699298 -0.8181766819363978 0.14499999999999924
0.5293563787289658 -0.8367686802808503 0.13999999999999924
0.9790403133350689 0.15249611426121754 0.13499999999999923
0.2501255431289966 0.959446305258624 0.12999999999999923
-0.7810126828387738 0.611877593350975 0.12499999999999922
-0.8728101603938863 -0.4730776087632966 0.11999999999999922
0.0864647665821648 -0.9895952931071833 0.11499999999999921
0.9427256850239992 -0.3149099598234893 0.10999999999999921
0.6646115498013326 0.7397746196448421 0.1049999999999992
-0.4141721214974823 0.9046885949177622 0.0999999999999992
-0.9952824232832468 -0.019695123849016442 0.0949999999999992
-0.3784196856649206 -0.9212483603791448 0.08999999999999919
0.6946886065478094 -0.7142707749394924 0.08499999999999919
0.9322071120283216 0.3529729455408962 0.07999999999999918
0.04742883547067515 0.9960549711566605 0.07499999999999918
-0.8951255435140654 0.44028429605046004 0.06999999999999917
-0.7605606069496231 -0.6460050798224586 0.06499999999999917
0.2898276451117941 -0.9551962814672971 0.059999999999999165
0.9918971634214336 -0.11452081555993959 0.05499999999999916
0.5001436500696523 0.8644977323828011 0.049999999999999156
-0.5939971791854927 0.8032075392572444 0.04499999999999915
-0.9735151487123487 -0.22509610220431117 0.03999999999999915
-0.18119464948003067 -0.9828242462413149 0.03499999999999914
0.829533786723709 -0.5576501561766338 0.02999999999999914
0.8419609269088548 0.5389589943203305 0.024999999999999134
-0.15914822682721425 0.9870520968508975 0.01999999999999913
-0.9688823586029325 0.2470667423754534 0.014999999999999125
-0.6124709603693292 -0.7904298341435954 0.00999999999999912
0.4812036866497571 -0.87659455391571 0.004999999999999116
0.9957255310922306 0.0923616085345814 -8.881784197001252e-16
