0.0 0.0 1.0
-0.14944198150373808 -0.06446691440673638 0.9866666666666666
0.07043229815936117 -0.21831517033457148 0.9733333333333334
0.27789928318603496 -0.034234316185488875 0.96
0.21542000027781488 0.23961729007425206 0.9466666666666668
-0.042045396116035326 0.35654042345060194 0.9333333333333333
-0.30410145369216246 0.24722925769882842 0.9199999999999999
-0.4216741911519304 -0.01210091202846646 0.9066666666666667
-0.3457142531058764 -0.28711880947614987 0.8933333333333333
-0.11821234680181603 -0.4600280872551233 0.8799999999999999
0.16771494614303561 -0.46985166353768243 0.8666666666666667
0.4116882353609636 -0.3198984512116276 0.8533333333333333
0.5389068269425467 -0.06308273832607299 0.8400000000000001
0.5166846540205043 0.22284342153614034 0.8266666666666667
0.35571223080399095 0.46038863772397476 0.8133333333333332
0.10033872232120371 0.5915506240407056 0.8
-0.1868512740842817 0.5884234503558099 0.7866666666666666
-0.4413733538810089 0.45513197870440286 0.7733333333333334
-0.6105442697808462 0.22279069692824505 0.76
-0.6624901683288846 -0.059963870425907256 0.7466666666666666
-0.5897920272255779 -0.3381827713579824 0.7333333333333334
-0.40819190833944835 -0.5612302254567189 0.72
-0.15150584742685405 -0.6911354428892306 0.7066666666666668
0.13575606237356308 -0.7077140527202453 0.6933333333333334
0.4065202015684235 -0.6101977759028366 0.6799999999999999
0.6186800092922966 -0.4156808892138767 0.6666666666666667
0.7410142612872588 -0.15509165072451098 0.6533333333333333
0.7568846518140224 0.13238437917052784 0.6399999999999999
0.6655069003345103 0.40544969416197746 0.6266666666666667
0.48094113063099914 0.6265124508655822 0.6133333333333333
0.22921614339046947 0.7664593659217686 0.6000000000000001
-0.05582635899292503 0.8079019989230224 0.5866666666666667
-0.33730820400911643 0.7466673050275023 0.5733333333333333
-0.5800671207228809 0.5915421670990723 0.56
-0.7548256731064376 0.3624827703146302 0.5466666666666666
-0.8413521155236589 0.08764800773217396 0.5333333333333335
-0.8303503941422762 -0.20029533930615206 0.52
-0.7239845454375612 -0.4681188597530085 0.5066666666666666
-0.5350989953828715 -0.6857778702775876 0.49333333333333335
-0.2853269047840502 -0.8295713094161065 0.48000000000000004
-0.002374516809489629 -0.8844300898839568 0.46666666666666645
0.28317414145294534 -0.8451634720580843 0.4533333333333333
0.5411711849510488 -0.7166126907742268 0.43999999999999995
0.7449961657285844 -0.5127731161101011 0.4266666666666667
0.8741335792268268 -0.2550412539642409 0.41333333333333333
0.9160179131398155 0.030185804726356038 0.3999999999999999
0.8670135504628161 0.31428711746228266 0.38666666666666666
0.732487320932915 0.5692842408628076 0.37333333333333324
0.5260181366335845 0.7705224980054324 0.3600000000000002
0.2678638360182597 0.8989277988669641 0.3466666666666666
-0.017135370187604054 0.9426533127175774 0.33333333333333326
-0.30199818868201644 0.8979961547984385 0.32000000000000006
-0.5601519615884507 0.7695357922047332 0.30666666666666664
-0.7678582320622744 0.5695167170590815 0.29333333333333317
-0.9063047509490592 0.31656231362429094 0.28
-0.963193848810035 0.033859983806850756 0.2666666666666667
-0.9337082971638835 -0.2530040276943101 0.25333333333333347
-0.8207939697924596 -0.5183601635468672 0.24000000000000007
-0.6347587230993939 -0.7387175276595577 0.22666666666666654
-0.3922440771869393 -0.8947812429866057 0.2133333333333334
-0.11467616835370763 -0.9730618564159793 0.19999999999999993
0.17365845585443895 -0.9669530993103065 0.1866666666666668
0.4477408193368387 -0.8772022083049791 0.17333333333333326
0.683968757369924 -0.7117490702079222 0.16
0.8621486372308491 -0.4849624894874642 0.14666666666666664
0.9671685182183912 -0.21634990083072275 0.13333333333333322
0.9902215525982204 0.07114265085003386 0.1200000000000002
0.9294876852051641 0.35309328126455186 0.10666666666666665
0.7902270990999065 0.6056649409839038 0.09333333333333337
0.5842867652370066 0.8075945616266093 0.08000000000000011
0.32906820461020436 0.9419499308722159 0.06666666666666668
0.046046670881476834 0.9975145410751106 0.05333333333333328
-0.2410336541339314 0.9696921045233091 0.040000000000000105
-0.5081396270307971 0.8608617823610777 0.02666666666666672
-0.732943019951775 0.6801593575965813 0.013333333333333516
-0.8966672109368213 0.4427052211469636 6.123233995736766e-17